0 0.528711 0.726479 0.068359 0.103097
0 0.274125 0.600944 0.043187 0.076667
0 0.453734 0.587535 0.055906 0.070347
0 0.585605 0.526576 0.049461 0.045514
0 0.718422 0.604090 0.064609 0.080347
0 0.850078 0.562396 0.061766 0.079153
0 0.785410 0.561993 0.099039 0.095264
0 0.482926 0.471910 0.041492 0.029542
0 0.575605 0.480167 0.052039 0.051056
0 0.613719 0.476444 0.036594 0.034639
0 0.306184 0.413299 0.020102 0.019597
0 0.257809 0.550479 0.039539 0.052986
0 0.454055 0.521514 0.046703 0.059806
0 0.347629 0.492215 0.047305 0.055292
0 0.266547 0.482118 0.045969 0.053819
0 0.179773 0.391687 0.029391 0.028264
0 0.211785 0.397486 0.027523 0.031917
0 0.250102 0.398208 0.026250 0.019139
0 0.373512 0.439889 0.034492 0.028111
0 0.408363 0.433826 0.033039 0.025181
0 0.775270 0.424056 0.049445 0.045889
0 0.815156 0.927340 0.153797 0.143903
0 0.429934 0.939493 0.141211 0.118319
0 0.481445 0.439375 0.036953 0.033472
0 0.385891 0.626479 0.060344 0.094069
