0 0.364852 0.434993 0.037484 0.034153
0 0.386172 0.426118 0.015906 0.018319
0 0.432625 0.424153 0.033156 0.029472
0 0.341574 0.543014 0.042680 0.067778
0 0.290352 0.597535 0.079453 0.176181
0 0.352539 0.470500 0.046797 0.065389
0 0.517430 0.439326 0.050047 0.050319
0 0.834602 0.549889 0.080891 0.070556
0 0.970402 0.720417 0.059195 0.120944
0 0.839027 0.618604 0.091758 0.080875
0 0.595125 0.528715 0.048922 0.060597
0 0.722699 0.548438 0.064523 0.070153
0 0.440617 0.581764 0.052109 0.067083
0 0.447813 0.457743 0.046500 0.048264
0 0.626020 0.499549 0.052102 0.053181
0 0.491508 0.462472 0.038531 0.040222
0 0.532348 0.674667 0.070008 0.105194
0 0.499820 0.556868 0.065250 0.073042
0 0.218562 0.400562 0.010500 0.022153
0 0.200992 0.397944 0.022969 0.023889
0 0.243953 0.433069 0.039688 0.030750
0 0.175719 0.393382 0.023812 0.017319
0 0.286105 0.406667 0.028117 0.026028
0 0.326484 0.419333 0.029203 0.026194
0 0.254672 0.459326 0.031297 0.032181
0 0.249656 0.517868 0.047234 0.078847
