0 0.283734 0.689826 0.062844 0.119653
0 0.877773 0.645674 0.082687 0.071264
0 0.576258 0.483083 0.050875 0.052889
0 0.774734 0.870417 0.118641 0.148306
0 0.715336 0.513646 0.055375 0.059792
0 0.700340 0.598917 0.066695 0.071306
0 0.850840 0.694007 0.089523 0.083181
0 0.340656 0.542938 0.051359 0.061986
0 0.409402 0.675194 0.059086 0.113833
0 0.456187 0.601875 0.051344 0.072917
0 0.249301 0.913326 0.099836 0.155819
0 0.676098 0.960486 0.118414 0.079028
0 0.522477 0.659792 0.071312 0.113750
0 0.266094 0.587076 0.045156 0.076542
0 0.363473 0.435528 0.032930 0.029694
0 0.316598 0.427396 0.022820 0.018903
0 0.422559 0.541979 0.055164 0.066958
0 0.495797 0.548861 0.051516 0.051556
0 0.445094 0.464708 0.036609 0.033417
0 0.489887 0.439924 0.034305 0.027153
0 0.488102 0.420326 0.026828 0.013569
0 0.459242 0.445097 0.025359 0.025750
0 0.374422 0.409778 0.027031 0.017361
0 0.311797 0.405153 0.023281 0.021083
0 0.266937 0.397875 0.017656 0.017222
0 0.243414 0.408986 0.030156 0.022361
0 0.224027 0.384354 0.028023 0.025347
0 0.210742 0.404514 0.019609 0.017861
0 0.176723 0.393431 0.017336 0.016417
0 0.230629 0.451382 0.040320 0.036847
0 0.264609 0.481993 0.036250 0.036347
0 0.236371 0.520854 0.035836 0.051708
0 0.597809 0.464639 0.030945 0.036833
