0 0.334031 0.484132 0.045219 0.040319
0 0.380988 0.479736 0.038367 0.028833
0 0.375543 0.519639 0.044648 0.048833
0 0.308668 0.521285 0.039961 0.057486
0 0.544996 0.502125 0.044727 0.050056
0 0.657918 0.699174 0.088586 0.113542
0 0.241937 0.922243 0.112328 0.155514
0 0.664062 0.965826 0.109844 0.068347
0 0.401004 0.677424 0.060992 0.114903
0 0.468320 0.420069 0.034672 0.017278
0 0.552090 0.461257 0.034352 0.028431
0 0.973527 0.830215 0.052945 0.116042
0 0.597602 0.826569 0.094047 0.139778
0 0.498109 0.628722 0.066484 0.102194
0 0.766156 0.642278 0.077375 0.085111
0 0.920125 0.651618 0.100234 0.102764
0 0.628617 0.510549 0.052250 0.047597
0 0.650879 0.573160 0.051320 0.038792
0 0.443539 0.502944 0.049437 0.066778
0 0.704187 0.499951 0.057250 0.056014
0 0.878422 0.933021 0.157219 0.132569
0 0.345781 0.423812 0.031250 0.023208
0 0.369973 0.591139 0.047867 0.069778
0 0.419023 0.433507 0.038828 0.030903
0 0.467348 0.446062 0.040352 0.035736
0 0.404414 0.411139 0.028031 0.023611
0 0.350496 0.402576 0.025492 0.018486
0 0.296578 0.418806 0.031094 0.022639
0 0.261840 0.414875 0.022414 0.020889
0 0.238586 0.403833 0.021250 0.018056
0 0.217922 0.406819 0.019297 0.016250
0 0.174633 0.398611 0.015234 0.014861
0 0.189281 0.393819 0.014688 0.012778
0 0.201102 0.447139 0.020156 0.030694
0 0.249695 0.447319 0.036016 0.029167
0 0.257398 0.480437 0.035437 0.035986
