0 0.428602 0.504354 0.044062 0.047403
0 0.348328 0.431736 0.034906 0.024528
0 0.560852 0.510090 0.048672 0.048569
0 0.396125 0.691528 0.059344 0.093444
0 0.502387 0.554028 0.049195 0.056472
0 0.620637 0.550562 0.052273 0.055542
0 0.866848 0.720812 0.096039 0.097514
0 0.240305 0.466965 0.041906 0.049708
0 0.267316 0.541924 0.040164 0.063847
0 0.438809 0.443257 0.032398 0.030014
0 0.508359 0.444326 0.118938 0.129708
0 0.664250 0.494340 0.047047 0.032653
0 0.451594 0.959208 0.118000 0.078972
0 0.288441 0.501903 0.039539 0.041806
0 0.206855 0.486500 0.034258 0.057278
0 0.733828 0.622299 0.070781 0.072653
0 0.775398 0.539576 0.051422 0.046653
0 0.744277 0.558903 0.055695 0.054778
0 0.649805 0.519847 0.056797 0.047861
0 0.358246 0.418722 0.025492 0.019444
0 0.174109 0.413361 0.010078 0.012222
0 0.196789 0.438250 0.020719 0.026111
0 0.218301 0.403278 0.028945 0.017389
0 0.222098 0.425771 0.032805 0.027931
0 0.368922 0.511437 0.049297 0.055653
