0 0.447281 0.573403 0.053781 0.065833
0 0.596523 0.529813 0.038641 0.048931
0 0.397578 0.657521 0.069687 0.137236
0 0.929129 0.608486 0.083602 0.075306
0 0.676910 0.580743 0.062211 0.066819
0 0.522504 0.693181 0.066523 0.116250
0 0.682719 0.721694 0.086203 0.128083
0 0.811191 0.676153 0.085023 0.082917
0 0.284324 0.785465 0.081148 0.148514
0 0.865598 0.959729 0.097555 0.068264
0 0.171711 0.393715 0.017781 0.020042
0 0.191668 0.397958 0.018227 0.018500
0 0.180605 0.422632 0.008242 0.016958
0 0.234605 0.402201 0.029930 0.020819
0 0.263668 0.410875 0.024289 0.025056
0 0.313223 0.417229 0.027539 0.026986
0 0.377410 0.412299 0.028789 0.026375
0 0.392762 0.443208 0.032398 0.036694
0 0.473414 0.426667 0.045422 0.039694
0 0.535895 0.435812 0.039398 0.033903
0 0.448203 0.467979 0.027656 0.028458
0 0.498934 0.483819 0.047711 0.040861
0 0.545805 0.581611 0.070953 0.100806
0 0.341469 0.492090 0.043922 0.048708
0 0.264027 0.449472 0.041148 0.034278
0 0.213918 0.442215 0.035352 0.026597
0 0.200797 0.476340 0.032969 0.047042
0 0.241785 0.467465 0.036008 0.030069
0 0.236227 0.520674 0.033234 0.047042
0 0.329762 0.545687 0.041586 0.059736
0 0.277656 0.590063 0.045859 0.057375
0 0.286555 0.636569 0.044531 0.062611
0 0.675734 0.962944 0.107125 0.074056
0 0.346715 0.463292 0.035711 0.034583
0 0.663152 0.476292 0.043758 0.030861
0 0.936516 0.692208 0.085641 0.076556
0 0.979398 0.580125 0.041125 0.071694
0 0.610254 0.474090 0.050336 0.051625
