0 0.323352 0.525833 0.047516 0.072778
0 0.485961 0.466681 0.033984 0.043111
0 0.282715 0.652715 0.056102 0.099875
0 0.502848 0.649896 0.069930 0.107847
0 0.245195 0.468882 0.037844 0.045958
0 0.396699 0.429840 0.020930 0.020986
0 0.474445 0.467375 0.056922 0.043306
0 0.315410 0.475285 0.044320 0.029208
0 0.273965 0.409090 0.028320 0.021292
0 0.200254 0.394229 0.027086 0.019708
0 0.383457 0.485021 0.043648 0.044708
0 0.322555 0.419632 0.028922 0.024736
0 0.307184 0.403382 0.027711 0.017208
0 0.555629 0.460847 0.035242 0.038972
0 0.262516 0.547021 0.041328 0.060597
0 0.223805 0.934875 0.112609 0.127528
0 0.432398 0.949069 0.124422 0.099806
0 0.970797 0.713840 0.058406 0.095236
0 0.623816 0.449799 0.050805 0.022236
0 0.632863 0.476465 0.049898 0.030014
0 0.615734 0.501604 0.051063 0.044181
0 0.348293 0.438153 0.032523 0.019639
0 0.559059 0.775174 0.082117 0.124764
0 0.835090 0.692354 0.090305 0.078597
0 0.825617 0.553174 0.072453 0.071042
0 0.765852 0.602361 0.068687 0.075500
