0 0.965617 0.707667 0.064375 0.065278
0 0.378203 0.616000 0.059453 0.091583
0 0.479078 0.612097 0.065750 0.092472
0 0.556094 0.465625 0.056562 0.055417
0 0.326355 0.422604 0.034852 0.024375
0 0.772852 0.655118 0.078312 0.086069
0 0.397695 0.445035 0.036125 0.023736
0 0.762918 0.409319 0.037430 0.050444
0 0.462691 0.949444 0.114289 0.095083
0 0.497332 0.481389 0.042758 0.038750
0 0.686523 0.742688 0.090188 0.116347
0 0.271941 0.832722 0.080508 0.161889
0 0.275813 0.707993 0.062688 0.101264
0 0.608117 0.889674 0.110719 0.182292
0 0.768801 0.568944 0.067367 0.067306
0 0.814422 0.519597 0.059906 0.057917
0 0.635223 0.557438 0.058961 0.051931
0 0.319137 0.403319 0.024086 0.017167
0 0.596414 0.461861 0.034500 0.040028
0 0.189742 0.398778 0.022906 0.017472
0 0.238828 0.408868 0.023750 0.020236
0 0.267145 0.408903 0.021773 0.020361
0 0.237473 0.533104 0.038867 0.048264
0 0.275199 0.488396 0.036961 0.038931
0 0.307168 0.469236 0.039539 0.038611
0 0.426863 0.436458 0.040867 0.036806
