0 0.192727 0.445625 0.008062 0.016000
0 0.990824 0.642319 0.018023 0.057972
0 0.438078 0.582187 0.048578 0.062819
0 0.623305 0.679708 0.078016 0.101861
0 0.262273 0.898542 0.121719 0.191667
0 0.842543 0.615944 0.072773 0.069472
0 0.616543 0.497646 0.051570 0.059653
0 0.736105 0.518403 0.052773 0.050639
0 0.700043 0.537701 0.057023 0.058625
0 0.475426 0.632667 0.058211 0.081889
0 0.284570 0.625569 0.060859 0.103528
0 0.778332 0.652424 0.087617 0.098181
0 0.551902 0.475868 0.050414 0.048125
0 0.291285 0.503799 0.037586 0.049764
0 0.230938 0.469951 0.032187 0.032042
0 0.329258 0.540472 0.042734 0.060944
0 0.544480 0.582937 0.060586 0.077181
0 0.463754 0.521542 0.058883 0.066556
0 0.378480 0.514389 0.044133 0.057639
0 0.385484 0.484000 0.038203 0.033194
0 0.274641 0.461444 0.035703 0.029167
0 0.270457 0.435299 0.033180 0.024986
0 0.238406 0.439965 0.035422 0.027653
0 0.228570 0.407097 0.020859 0.022639
0 0.266449 0.415806 0.019602 0.013694
0 0.256504 0.402118 0.020727 0.015181
0 0.300332 0.404986 0.026320 0.017917
0 0.175668 0.376389 0.064133 0.068889
0 0.323703 0.444264 0.038984 0.045694
0 0.339953 0.420375 0.029766 0.017361
0 0.371570 0.441097 0.028000 0.026889
0 0.408391 0.450056 0.029687 0.031361
0 0.464246 0.452778 0.036180 0.031417
0 0.516621 0.435021 0.045289 0.034875
0 0.561004 0.446347 0.036305 0.025611
0 0.662348 0.471056 0.046195 0.033222
