0 0.778430 0.655236 0.084578 0.071583
0 0.424316 0.566549 0.052336 0.080403
0 0.821996 0.559021 0.068773 0.055764
0 0.958734 0.604542 0.066750 0.071000
0 0.651500 0.438965 0.123562 0.092375
0 0.627965 0.877993 0.119117 0.186986
0 0.471586 0.973347 0.103094 0.050778
0 0.182145 0.397903 0.019602 0.011611
0 0.194969 0.415431 0.023719 0.013556
0 0.194668 0.430278 0.026023 0.015694
0 0.193820 0.449854 0.025047 0.021736
0 0.202750 0.391472 0.016719 0.016111
0 0.220875 0.395292 0.018750 0.018194
0 0.253906 0.945500 0.109359 0.109000
0 0.248930 0.402764 0.027891 0.019167
0 0.682031 0.497563 0.052500 0.052875
0 0.283770 0.402160 0.028477 0.020736
0 0.302793 0.421125 0.020430 0.017833
0 0.345043 0.430812 0.023977 0.021597
0 0.363996 0.411951 0.023008 0.020153
0 0.388867 0.428222 0.028984 0.025639
0 0.507031 0.425674 0.102187 0.083097
0 0.276375 0.491958 0.041391 0.047972
0 0.320695 0.479236 0.042047 0.028472
0 0.374188 0.510271 0.044234 0.046653
0 0.565293 0.478840 0.051898 0.052153
0 0.708937 0.553021 0.059156 0.059653
0 0.300840 0.651208 0.051648 0.089222
0 0.332539 0.538889 0.040234 0.059722
0 0.571836 0.526674 0.045234 0.042514
0 0.804586 0.506889 0.064734 0.047667
0 0.258398 0.552431 0.041172 0.077917
