0 0.829746 0.611076 0.073555 0.064097
0 0.194766 0.477312 0.011875 0.031014
0 0.198074 0.446104 0.010414 0.029431
0 0.189043 0.393542 0.024461 0.022167
0 0.180668 0.417396 0.011008 0.020903
0 0.860961 0.703118 0.107078 0.092653
0 0.664023 0.522111 0.051953 0.045222
0 0.333828 0.430000 0.030625 0.025278
0 0.307070 0.530194 0.041641 0.070944
0 0.342121 0.409535 0.028383 0.014792
0 0.562883 0.489118 0.044203 0.041208
0 0.567926 0.449549 0.040898 0.035208
0 0.231250 0.399514 0.012891 0.019583
0 0.253766 0.405792 0.031469 0.029000
0 0.296113 0.465167 0.042914 0.047917
0 0.346746 0.490049 0.046398 0.046819
0 0.598320 0.641986 0.071047 0.090278
0 0.432574 0.899583 0.104945 0.200833
0 0.985582 0.636264 0.028383 0.087583
0 0.239656 0.521167 0.040266 0.063167
0 0.423809 0.421687 0.037070 0.034153
0 0.507133 0.464465 0.040359 0.037986
0 0.273965 0.839493 0.085648 0.135764
0 0.853082 0.942514 0.107055 0.108250
0 0.382117 0.626410 0.050766 0.072819
0 0.632738 0.561507 0.051414 0.050625
