0 0.737738 0.492535 0.051555 0.051847
0 0.748547 0.577972 0.070609 0.064361
0 0.544289 0.733528 0.073797 0.110306
0 0.301063 0.596229 0.042797 0.074347
0 0.897281 0.460250 0.070922 0.064389
0 0.508844 0.566375 0.054641 0.063167
0 0.328020 0.541375 0.038570 0.062972
0 0.292254 0.506646 0.039008 0.062097
0 0.251699 0.551090 0.041086 0.049458
0 0.322051 0.417250 0.041477 0.034167
0 0.294414 0.777021 0.076797 0.147069
0 0.911816 0.595486 0.087461 0.058194
0 0.332207 0.486021 0.039336 0.046042
0 0.391953 0.633472 0.086234 0.189417
0 0.437328 0.570243 0.029219 0.064486
0 0.431996 0.509250 0.048148 0.060139
0 0.400836 0.415375 0.037391 0.035639
0 0.371977 0.477653 0.038641 0.033083
0 0.264211 0.411111 0.021703 0.022889
0 0.212262 0.404076 0.024367 0.022653
0 0.196902 0.389132 0.018758 0.023403
0 0.181660 0.420229 0.011055 0.021986
0 0.289648 0.439271 0.038797 0.036264
0 0.261730 0.455868 0.037383 0.034347
0 0.261367 0.484417 0.034625 0.036583
0 0.733219 0.800076 0.114672 0.173486
0 0.919410 0.545410 0.067555 0.040319
